KDE RGB Palette
#
150 0 2 
150 0 2 
0 0 0 
0 0 0 
224 60 175 
224 60 175 
255 128 0 
255 128 0 
48 48 48 
48 48 48 
12 12 12 
12 12 12 
28 56 76 
28 56 76 
129 0 2 
129 0 2 
201 201 201 
201 201 201 
255 91 32 
6 118 255 
42 117 255 
86 188 68 
69 151 54 
37 134 13 
23 170 50 
255 154 38 
122 122 30 
100 133 30 
114 187 246 
0 243 255 
241 255 109 
241 255 109 
255 81 0 
255 81 0 
85 230 235 
85 230 235 
150 194 235 
150 194 235 
136 180 235 
136 180 235 
140 194 235 
140 194 235 
0 128 0 
128 182 188 
255 123 123 
255 123 123 
255 233 164 
255 233 164 
43 128 255 
43 128 255 
159 255 85 
159 255 85 
136 255 76 
136 255 76 
170 173 162 
170 173 162 
240 244 228 
43 128 125 
43 128 125 
83 128 77 
83 128 77 
0 0 5 
0 0 5 
9 9 10 
9 9 10 
0 153 255 
0 153 255 
0 178 86 
0 178 86 
213 0 213 
213 0 213 
127 163 127 
127 163 127 
179 76 53 
179 76 53 
220 220 220 
220 220 220 
84 118 204 
84 118 204 
116 186 255 
116 186 255 
199 181 181 
199 181 181 
192 192 192 
192 192 192 
205 205 205 
205 205 205 
235 235 235 
235 235 235 
238 238 238 
238 238 238 
255 232 232 
255 232 232 
12 12 12 
12 12 12 
222 114 36 
222 114 36 
222 114 36 
222 114 36 
222 114 36 
222 114 36 
126 192 106 
183 138 82 
183 138 82 
148 44 41 
148 44 41 
177 82 50 
177 82 50 
150 55 0 
150 55 0 
165 129 78 
165 129 78 
146 103 37 
146 103 37 
120 75 23 
120 75 23 
193 71 0 
193 71 0 
102 58 24 
102 58 24 
255 145 61 
255 145 61 
112 96 74 
112 96 74 
255 219 168 
255 219 168 
95 75 54 
95 75 54 
255 203 147 
255 203 147 
99 81 62 
99 81 62 
185 152 117 
185 152 117 
115 88 63 
115 88 63 
240 184 131 
240 184 131 
80 72 42 
80 72 42 
218 198 115 
218 198 115 
86 74 56 
86 74 56 
255 219 168 
255 219 168 
114 21 18 
114 21 18 
74 38 93 
74 38 93 
12 43 116 
12 43 116 
143 151 163 
143 151 163 
131 138 149 
131 138 149 
20 71 190 
20 71 190 
22 78 207 
22 78 207 
40 42 48 
40 42 48 
30 32 36 
30 32 36 
33 35 40 
33 35 40 
23 23 23 
23 23 23 
17 17 17 
17 17 17 
17 18 21 
17 18 21 
21 22 25 
21 22 25 
22 24 27 
22 24 27 
23 23 23 
23 23 23 
24 25 29 
24 25 29 
30 32 36 
30 32 36 
74 84 96 
74 84 96 
90 94 102 
90 94 102 
255 130 13 
255 130 13 
179 144 40 
179 144 40 
233 106 14 
233 106 14 
22 10 111 
31 54 96 
29 87 234 
255 203 147 
231 252 255 
231 252 255 
0 0 0 
0 0 0 
0 0 0 
0 0 0 
0 0 0 
0 0 0 
219 0 3 
219 0 3 
90 0 1 
90 0 1 
13 22 90 
13 22 90 
0 55 90 
0 55 90 
9 91 255 
9 91 255 
31 106 255 
31 106 255 
47 81 255 
47 81 255 
255 28 28 
255 28 28 
126 255 100 
126 255 100 
51 109 255 
51 109 255 
27 81 144 
27 81 144 
23 71 126 
23 71 126 
15 99 224 
15 99 224 
19 58 104 
19 58 104 
17 108 244 
17 108 244 
18 113 255 
18 113 255 
15 69 184 
15 69 184 
0 8 29 
0 8 29 
0 3 16 
0 3 16 
16 0 0 
16 0 0 
0 0 0 
0 0 0 
17 102 255 
17 102 255 
